8.676237346279264, 49.4159479971782
8.67622858164505, 49.41594833068374
8.676219355714297, 49.41594589942839
8.676212897562771, 49.41593925099554
8.676209668487009, 49.415933222883
8.67620797706637, 49.415925568930966
8.676209114931162, 49.41591669434868
8.676208482295911, 49.415909482053266
8.676200903852794, 49.415906128893326
8.676191677922042, 49.415905708676355
8.676182451991288, 49.415905708676355
8.676173226060537, 49.415906489079305
8.676166921674522, 49.41591401296418
8.676167229205549, 49.41592311766529
8.676167229205549, 49.415928220299975
8.676167413724163, 49.41593602432949
8.676166075964205, 49.41594472882396
8.676166306612473, 49.41595123218189
8.676166306612473, 49.415957235281525
8.676166306612473, 49.41596323838115
8.676166306612473, 49.41596924148079
8.676166306612473, 49.415975244580416
8.676166491131089, 49.415983088630604
8.676165153371129, 49.415991778117316
8.676165384019397, 49.41599825646234
8.676165384019397, 49.41600425956197
8.676165384019397, 49.4160102626616
8.676165384019397, 49.416016265761236
8.676165384019397, 49.416022268860864
8.676165568538013, 49.41603003286972
8.676164230778053, 49.41603875237193
8.676164461426323, 49.416045280742786
8.676164461426323, 49.416051283842414
8.676164461426323, 49.41605728694205
8.676164461426323, 49.41606329004168
8.676164461426323, 49.41606929314131
8.676164645944937, 49.41607709717083
8.67616330818498, 49.416086026781535
8.676163538833248, 49.41609250512655
8.676163538833248, 49.416098508226185
8.676163538833248, 49.41610451132581
8.676163538833248, 49.41611051442545
8.676163538833248, 49.416116517525076
8.676163723351863, 49.41612428153393
8.676162385591904, 49.41613300103615
8.676162616240172, 49.416139529407
8.676162616240172, 49.416145532506626
8.676162616240172, 49.41615153560626
8.676162616240172, 49.41615753870589
8.676162616240172, 49.416163541805524
8.676162800758788, 49.416171345835046
8.676161462998828, 49.41617997529076
8.676161693647096, 49.416186553687446
8.676161693647096, 49.416192556787074
8.676161693647096, 49.4161985598867
8.676161693647096, 49.41620456298634
8.676161693647096, 49.416210566085965
8.676161878165712, 49.41621841013615
8.676160540405754, 49.416226874506634
8.676160771054022, 49.416233377864565
8.676160771054022, 49.4162393809642
8.676160771054022, 49.41624538406383
8.676160771054022, 49.41625138716346
8.676160771054022, 49.41625739026309
8.676160955572636, 49.41626523431328
8.676159617812678, 49.41627392379999
8.676159848460947, 49.41628040214501
8.676159848460947, 49.41628640524464
8.676159848460947, 49.416292408344276
8.676159848460947, 49.416298411443904
8.676159848460947, 49.41630441454354
8.676160032979562, 49.416312178552396
8.676158695219602, 49.41632089805461
8.676158925867871, 49.41632742642546
8.676158925867871, 49.41633342952509
8.676158925867871, 49.416339432624724
8.676158925867871, 49.41634543572435
8.676158925867871, 49.41635143882399
8.676159110386486, 49.4163592428535
8.676157772626527, 49.416367046883025
8.676158003274797, 49.41637365029262
8.676158003274797, 49.416379653392255
8.676158003274797, 49.41638565649188
8.676158003274797, 49.41639165959151
8.676158003274797, 49.416397662691146
8.676158003274797, 49.416403665790774
8.676158003274797, 49.41640966889041
8.676156850033453, 49.41641522175757
8.676157080681721, 49.41642207529631
8.676157080681721, 49.416428078395946
8.676157080681721, 49.416434081495574
8.676157080681721, 49.41644008459521
8.676157080681721, 49.41644608769484
8.67615731132999, 49.416453191362734
8.676155927440377, 49.41646047012104
8.676156158088646, 49.416466698336905
8.676156342607261, 49.416474382304436
8.676155696792109, 49.41648268158968
8.67615449742111, 49.416488369526576
8.67615523549557, 49.416497689338755
8.676162154943635, 49.41650472797307
8.676171380874387, 49.41650511817455
8.676180606805139, 49.41650496809706
8.67618983273589, 49.41650541832953
8.676199058666642, 49.41650541832953
8.676208284597394, 49.41650541832953
8.676217510528148, 49.41650541832953
8.6762267364589, 49.41650541832953
8.676235962389651, 49.41650541832953
8.676245188320403, 49.41650544834503
8.676254414251155, 49.4165059586085
8.676263640181907, 49.416506018639495
8.676272866112659, 49.416506018639495
8.676282092043412, 49.416506018639495
8.676291317974164, 49.416506018639495
8.676300543904916, 49.416506018639495
8.676309769835668, 49.416506018639495
8.67631899576642, 49.416506018639495
8.676328221697171, 49.416506018639495
8.676337447627923, 49.416506018639495
8.676346673558675, 49.416506018639495
8.676355899489428, 49.416506018639495
8.67636512542018, 49.416506018639495
8.676374351350932, 49.416506018639495
8.676383577281684, 49.416506348809975
8.676392803212436, 49.416506618949455
8.676402029143187, 49.416506618949455
8.67641125507394, 49.416506618949455
8.676420481004693, 49.416506618949455
8.676429706935445, 49.416506618949455
8.676438932866196, 49.416506618949455
8.676448158796948, 49.416506618949455
8.6764573847277, 49.416506618949455
8.676466610658452, 49.416506618949455
8.676475836589204, 49.416506618949455
8.676485062519956, 49.416506618949455
8.67649428845071, 49.416506618949455
8.676503514381461, 49.416506618949455
8.676512740312213, 49.416506708995946
8.676521966242965, 49.416507219259415
8.676531192173716, 49.416507219259415
8.676540418104468, 49.416507219259415
8.67654964403522, 49.416507219259415
8.676558869965974, 49.416507219259415
8.676568095896725, 49.416507219259415
8.676577321827477, 49.416507219259415
8.676586547758229, 49.416507219259415
8.67659577368898, 49.416507219259415
8.676604999619733, 49.416507219259415
8.676614225550484, 49.416507219259415
8.676623451481236, 49.416507219259415
8.67663267741199, 49.416507219259415
8.676641903342742, 49.416507219259415
8.676651129273493, 49.41650769950739
8.676660355204245, 49.41650781956938
8.676669581134997, 49.41650781956938
8.676678807065749, 49.41650781956938
8.6766880329965, 49.41650781956938
8.676697258927254, 49.41650781956938
8.676706484858006, 49.41650781956938
8.676715710788758, 49.41650781956938
8.67672493671951, 49.41650781956938
8.676734162650262, 49.41650781956938
8.676743388581013, 49.41650781956938
8.676752614511765, 49.41650781956938
8.676761840442517, 49.41650781956938
8.67677106637327, 49.41650781956938
8.676780292304022, 49.41650808970886
8.676789518234774, 49.41650841987934
8.676798744165526, 49.41650841987934
8.676807970096278, 49.41650841987934
8.67681719602703, 49.41650841987934
8.676826421957781, 49.41650841987934
8.676835647888535, 49.41650841987934
8.676844873819287, 49.41650811972436
8.676854099750039, 49.41650811972436
8.67686332568079, 49.416506919104435
8.676868246177192, 49.416498864945765
8.676868861239241, 49.41649161120038
8.676869553184048, 49.416484107325836
8.67686932253578, 49.4164771037096
8.67686932253578, 49.41647110060997
8.67686932253578, 49.41646509751034
8.67686932253578, 49.416459094410705
8.67686932253578, 49.41645309131108
8.67686932253578, 49.41644708821144
8.67686932253578, 49.41644108511181
8.67686932253578, 49.41643508201218
8.67686932253578, 49.41642907891255
8.676869507054394, 49.41642233543063
8.676870245128854, 49.41641587209336
8.676870245128854, 49.41640986899373
8.676870245128854, 49.4164038658941
8.676870245128854, 49.41639786279447
8.676870245128854, 49.41639185969483
8.676870245128854, 49.416385856595205
8.676870245128854, 49.41637985349557
8.676870245128854, 49.41637385039594
8.676870245128854, 49.41636784729631
8.676870245128854, 49.41636184419668
8.676870245128854, 49.416355841097044
8.676870245128854, 49.416349837997416
8.676870245128854, 49.41634383489779
8.676870245128854, 49.41633783179815
8.676870245128854, 49.416331828698524
8.676870245128854, 49.41632582559889
8.676870245128854, 49.41631982249926
8.676870245128854, 49.416313819399626
8.676870245128854, 49.4163078163
8.676870245128854, 49.41630181320036
8.676870245128854, 49.416295810100735
8.676870245128854, 49.4162898070011
8.676870014480585, 49.41628292844944
8.676871398370198, 49.416276400078594
8.67687116772193, 49.41626959656568
8.67687116772193, 49.41626359346605
8.67687116772193, 49.41625759036641
8.67687116772193, 49.416251587266785
8.67687116772193, 49.41624558416715
8.67687116772193, 49.41623958106752
8.67687116772193, 49.41623357796789
8.67687116772193, 49.41622757486826
8.67687116772193, 49.416221571768624
8.67687116772193, 49.416215568668996
8.67687116772193, 49.41620956556936
8.67687116772193, 49.41620356246973
8.67687116772193, 49.4161975593701
8.67687116772193, 49.41619155627047
8.67687116772193, 49.416185553170834
8.67687116772193, 49.416179550071206
8.67687116772193, 49.41617354697158
8.67687116772193, 49.41616754387194
8.67687116772193, 49.416161540772315
8.67687116772193, 49.41615553767268
8.67687116772193, 49.41614953457305
8.67687116772193, 49.416143531473416
8.676871629018467, 49.41613727824463
8.676872090315005, 49.41613072486087
8.676872090315005, 49.41612472176124
8.676872090315005, 49.41611871866161
8.676872090315005, 49.41611271556198
8.676872090315005, 49.416106712462344
8.676872090315005, 49.416100709362716
8.676872090315005, 49.41609470626308
8.676872090315005, 49.41608870316345
8.676872090315005, 49.41608270006382
8.676872090315005, 49.41607669696419
8.676872090315005, 49.416070693864555
8.676872090315005, 49.41606469076493
8.676872090315005, 49.41605868766529
8.676872090315005, 49.41605268456566
8.676872090315005, 49.41604668146603
8.676872090315005, 49.4160406783664
8.676872090315005, 49.41603467526677
8.676872090315005, 49.41602867216714
8.676872090315005, 49.41602266906751
8.676872090315005, 49.416016665967874
8.676872090315005, 49.416010662868246
8.676872090315005, 49.41600465976861
8.676871859666737, 49.41599793129444
8.676873197426695, 49.41599041241216
8.67687301290808, 49.41598244829998
8.67687301290808, 49.41597644520034
8.67687301290808, 49.415970442100715
8.67687301290808, 49.41596443900108
8.67687301290808, 49.41595843590145
8.67687301290808, 49.41595243280182
8.67687301290808, 49.41594642970219
8.67687301290808, 49.41594042660255
8.67687301290808, 49.415934423502925
8.676873197426695, 49.41592743989702
8.676873935501155, 49.41592221720034
8.67687362797013, 49.41591726464315
8.67687116772193, 49.415908924622585
8.67686332568079, 49.41590690929628
8.676854099750039, 49.41590738954425
8.676844873819287, 49.41590786979222
8.676835647888535, 49.41590759965274
8.676826421957781, 49.41590738954425
8.67681719602703, 49.415910571187055
8.676812813709923, 49.41591763983687
8.676813044358192, 49.415924018130234
8.676813703353246, 49.41593306565896
8.676814428247804, 49.415942627739085
8.676813966951267, 49.41594743021879
8.67681535084088, 49.41595328324093